[0, 62, 38]
[10, 63, 37]
[20, 68, 32]
[30, 75, 25]
[40, 79, 21]
[50, 82, 18]
[60, 85, 15]
[70, 86, 14]
[80, 87, 13]
[90, 88, 12]
[100, 88, 12]
[110, 87, 13]
[120, 87, 13]
[130, 87, 13]
[140, 87, 13]
[150, 87, 13]
[160, 87, 13]
[170, 87, 13]
[180, 86, 14]
[190, 86, 14]
[200, 86, 14]
[210, 85, 15]
[220, 85, 15]
[230, 84, 16]
[240, 84, 16]
[250, 84, 16]
[260, 84, 16]
[270, 84, 16]
[280, 84, 16]
[290, 83, 17]
[300, 83, 17]
[310, 83, 17]
[320, 84, 16]
[330, 83, 17]
[340, 83, 17]
[350, 82, 18]
[360, 82, 18]
[370, 84, 16]
[380, 84, 16]
[390, 84, 16]
[400, 84, 16]
[410, 84, 16]
[420, 84, 16]
[430, 84, 16]
[440, 84, 16]
[450, 84, 16]
[460, 84, 16]
[470, 84, 16]
[480, 84, 16]
[490, 84, 16]
[500, 84, 16]
[510, 84, 16]
[520, 84, 16]
[530, 84, 16]
[540, 84, 16]
[550, 84, 16]
[560, 84, 16]
[570, 84, 16]
[580, 84, 16]
[590, 84, 16]
[600, 84, 16]
[610, 84, 16]
[620, 84, 16]
[630, 84, 16]
[640, 84, 16]
[650, 84, 16]
[660, 84, 16]
[670, 84, 16]
[680, 84, 16]
[690, 84, 16]
[700, 84, 16]
[710, 84, 16]
[720, 84, 16]
[730, 84, 16]
[740, 84, 16]
[750, 84, 16]
[760, 84, 16]
[770, 84, 16]
[780, 84, 16]
[790, 84, 16]
[800, 84, 16]
[810, 84, 16]
[820, 84, 16]
[830, 84, 16]
[840, 84, 16]
[850, 84, 16]
[860, 84, 16]
[870, 84, 16]
[880, 84, 16]
[890, 84, 16]
[900, 84, 16]
[910, 84, 16]
[920, 84, 16]
[930, 84, 16]
[940, 84, 16]
[950, 84, 16]
[960, 84, 16]
[970, 84, 16]
[980, 84, 16]
[990, 84, 16]
[1000, 84, 16]
[1010, 84, 16]
[1020, 84, 16]
[1030, 84, 16]
[1040, 84, 16]
[1050, 84, 16]
[1060, 84, 16]
[1070, 84, 16]
[1080, 84, 16]
[1090, 84, 16]
[1100, 84, 16]
[1110, 84, 16]
[1120, 84, 16]
[1130, 84, 16]
[1140, 84, 16]
[1150, 84, 16]
[1160, 84, 16]
[1170, 84, 16]
[1180, 84, 16]
[1190, 84, 16]
[1200, 84, 16]
[1210, 84, 16]
[1220, 84, 16]
[1230, 84, 16]
[1240, 84, 16]
[1250, 84, 16]
[1260, 84, 16]
[1270, 84, 16]
[1280, 84, 16]
[1290, 84, 16]
[1300, 84, 16]
[1310, 84, 16]
[1320, 84, 16]
[1330, 84, 16]
[1340, 84, 16]
[1350, 84, 16]
[1360, 84, 16]
[1370, 84, 16]
[1380, 84, 16]
[1390, 84, 16]
[1400, 84, 16]
[1410, 84, 16]
[1420, 84, 16]
[1430, 84, 16]
[1440, 84, 16]
[1450, 84, 16]
[1460, 84, 16]
[1470, 84, 16]
[1480, 84, 16]
[1490, 84, 16]
[1500, 84, 16]
[1510, 84, 16]
[1520, 84, 16]
[1530, 84, 16]
[1540, 84, 16]
[1550, 84, 16]
[1560, 84, 16]
[1570, 84, 16]
[1580, 84, 16]
[1590, 84, 16]
[1600, 84, 16]
[1610, 84, 16]
[1620, 84, 16]
[1630, 84, 16]
[1640, 84, 16]
[1650, 84, 16]
[1660, 84, 16]
[1670, 84, 16]
[1680, 84, 16]
[1690, 84, 16]
[1700, 84, 16]
[1710, 84, 16]
[1720, 84, 16]
[1730, 84, 16]
[1740, 84, 16]
[1750, 84, 16]
[1760, 84, 16]
[1770, 84, 16]
[1780, 84, 16]
[1790, 84, 16]
[1800, 84, 16]
[1810, 84, 16]
[1820, 84, 16]
[1830, 84, 16]
[1840, 84, 16]
[1850, 84, 16]
[1860, 84, 16]
[1870, 84, 16]
[1880, 84, 16]
[1890, 84, 16]
[1900, 84, 16]
[1910, 84, 16]
[1920, 84, 16]
[1930, 84, 16]
[1940, 84, 16]
[1950, 84, 16]
[1960, 84, 16]
[1970, 84, 16]
[1980, 84, 16]
[1990, 84, 16]
[2000, 84, 16]
[2010, 84, 16]
[2020, 84, 16]
[2030, 84, 16]
[2040, 84, 16]
[2050, 84, 16]
[2060, 84, 16]
[2070, 84, 16]
[2080, 84, 16]
[2090, 84, 16]
[2100, 84, 16]
[2110, 84, 16]
[2120, 84, 16]
[2130, 84, 16]
[2140, 84, 16]
[2150, 84, 16]
[2160, 84, 16]
[2170, 84, 16]
[2180, 84, 16]
[2190, 84, 16]
[2200, 84, 16]
[2210, 84, 16]
[2220, 84, 16]
[2230, 84, 16]
[2240, 84, 16]
[2250, 84, 16]
[2260, 84, 16]
[2270, 84, 16]
[2280, 84, 16]
[2290, 84, 16]
[2300, 84, 16]
[2310, 84, 16]
[2320, 84, 16]
[2330, 84, 16]
[2340, 84, 16]
[2350, 84, 16]
[2360, 84, 16]
[2370, 84, 16]
[2380, 84, 16]
[2390, 84, 16]
[2400, 84, 16]
[2410, 84, 16]
[2420, 84, 16]
[2430, 84, 16]
[2440, 84, 16]
[2450, 84, 16]
[2460, 84, 16]
[2470, 84, 16]
[2480, 84, 16]
[2490, 84, 16]
[2500, 84, 16]
[2510, 84, 16]
[2520, 84, 16]
[2530, 84, 16]
[2540, 84, 16]
[2550, 84, 16]
[2560, 84, 16]
[2570, 84, 16]
[2580, 84, 16]
[2590, 84, 16]
[2600, 84, 16]
[2610, 84, 16]
[2620, 84, 16]
[2630, 84, 16]
[2640, 84, 16]
[2650, 84, 16]
[2660, 84, 16]
[2670, 84, 16]
[2680, 84, 16]
[2690, 84, 16]
[2700, 84, 16]
[2710, 84, 16]
[2720, 84, 16]
[2730, 84, 16]
[2740, 84, 16]
[2750, 84, 16]
[2760, 84, 16]
[2770, 84, 16]
[2780, 84, 16]
